,puma,Total_geo,Total_geo_m,Total_geo_f,Total_NRB_mf_t,Total_NRB_m,Total_NRB_f,Total_RB_mf_t,Total_RB_m,Total_RB_f,Total_BABS,Total_BABS_m,Total_BABS_f,BABS_NRB_mf_t,BABS_NRB_m,BABS_NRB_f,BABS_RB_mf_t,BABS_RB_m,BABS_RB_f,Total_HS,Total_HS_m,Total_HS_f,HS_NRB_mf_t,HS_NRB_m,HS_NRB_f,HS_RB_mf_t,HS_RB_m,HS_RB_f,Total_HSINC,Total_HSINC_m,Total_HSINC_f,HSINC_NRB_mf_t,HSINC_NRB_m,HSINC_NRB_f,HSINC_RB_mf_t,HSINC_RB_m,HSINC_RB_f
0,Total Geo,2613447.0,1242903.0,1370544.0,2109087.0,1029525.0,1079562.0,504360.0,213378.0,290982.0,1020112.0,455177.0,564935.0,919690.0,417329.0,502361.0,100422.0,37848.0,62574.0,1314095.0,649470.0,664625.0,1013332.0,517783.0,495549.0,300763.0,131687.0,169076.0,279240.0,138256.0,140984.0,176065.0,94413.0,81652.0,103175.0,43843.0,59332.0
1,"NYC-Manhattan Community District 9--Hamilton Heights, Manhattanville & West Harlem PUMA",35401.0,17383.0,18018.0,30418.0,15051.0,15367.0,4983.0,2332.0,2651.0,19157.0,9091.0,10066.0,16786.0,7981.0,8805.0,2371.0,1110.0,1261.0,13910.0,6760.0,7150.0,11941.0,5863.0,6078.0,1969.0,897.0,1072.0,2334.0,1532.0,802.0,1691.0,1207.0,484.0,643.0,325.0,318.0
2,Ulster County (East) PUMA,19139.0,9206.0,9933.0,16488.0,7764.0,8724.0,2651.0,1442.0,1209.0,4081.0,1341.0,2740.0,3727.0,1079.0,2648.0,354.0,262.0,92.0,13497.0,6949.0,6548.0,11709.0,6278.0,5431.0,1788.0,671.0,1117.0,1561.0,916.0,645.0,1052.0,407.0,645.0,509.0,509.0,0.0
3,Albany County (East Central)--Albany City PUMA,24014.0,10736.0,13278.0,18844.0,9034.0,9810.0,5170.0,1702.0,3468.0,7135.0,3679.0,3456.0,6040.0,3043.0,2997.0,1095.0,636.0,459.0,14827.0,6214.0,8613.0,11719.0,5280.0,6439.0,3108.0,934.0,2174.0,2052.0,843.0,1209.0,1085.0,711.0,374.0,967.0,132.0,835.0
4,Chemung (South) & Steuben (East) Counties--Greater Elmira & Greater Corning Cities PUMA,12746.0,5854.0,6892.0,10002.0,4714.0,5288.0,2744.0,1140.0,1604.0,1907.0,956.0,951.0,1766.0,815.0,951.0,141.0,141.0,0.0,9937.0,4444.0,5493.0,7539.0,3503.0,4036.0,2398.0,941.0,1457.0,902.0,454.0,448.0,697.0,396.0,301.0,205.0,58.0,147.0
5,Ontario & Yates Counties PUMA,11990.0,6398.0,5592.0,9631.0,5135.0,4496.0,2359.0,1263.0,1096.0,3449.0,1100.0,2349.0,3328.0,1061.0,2267.0,121.0,39.0,82.0,7642.0,4637.0,3005.0,5597.0,3518.0,2079.0,2045.0,1119.0,926.0,899.0,661.0,238.0,706.0,556.0,150.0,193.0,105.0,88.0
6,Suffolk County (North Central)--Brookhaven Town (North) PUMA,2909.0,1297.0,1612.0,1994.0,894.0,1100.0,915.0,403.0,512.0,1363.0,615.0,748.0,1280.0,615.0,665.0,83.0,0.0,83.0,1346.0,482.0,864.0,638.0,203.0,435.0,708.0,279.0,429.0,200.0,200.0,0.0,76.0,76.0,0.0,124.0,124.0,0.0
7,Westchester County (South Central)--New Rochelle & Mount Vernon Cities PUMA,24921.0,11215.0,13706.0,19181.0,9621.0,9560.0,5740.0,1594.0,4146.0,6497.0,1568.0,4929.0,5809.0,1489.0,4320.0,688.0,79.0,609.0,15876.0,8249.0,7627.0,12173.0,7126.0,5047.0,3703.0,1123.0,2580.0,2548.0,1398.0,1150.0,1199.0,1006.0,193.0,1349.0,392.0,957.0
8,"Clinton, Franklin, Essex & Hamilton Counties PUMA",15675.0,7025.0,8650.0,11454.0,5430.0,6024.0,4221.0,1595.0,2626.0,2854.0,1236.0,1618.0,2741.0,1157.0,1584.0,113.0,79.0,34.0,10924.0,5088.0,5836.0,8284.0,4091.0,4193.0,2640.0,997.0,1643.0,1897.0,701.0,1196.0,429.0,182.0,247.0,1468.0,519.0,949.0
9,Oneida County (Central)--Greater Utica & Rome Cities PUMA,21357.0,10545.0,10812.0,15887.0,7708.0,8179.0,5470.0,2837.0,2633.0,4060.0,1668.0,2392.0,3441.0,1555.0,1886.0,619.0,113.0,506.0,14670.0,6987.0,7683.0,11432.0,5571.0,5861.0,3238.0,1416.0,1822.0,2627.0,1890.0,737.0,1014.0,582.0,432.0,1613.0,1308.0,305.0
10,"NYC-Bronx Community District 3 & 6--Belmont, Crotona Park East & East Tremont PUMA",41762.0,16905.0,24857.0,28600.0,11845.0,16755.0,13162.0,5060.0,8102.0,5882.0,1880.0,4002.0,4199.0,1233.0,2966.0,1683.0,647.0,1036.0,24716.0,10608.0,14108.0,19150.0,8073.0,11077.0,5566.0,2535.0,3031.0,11164.0,4417.0,6747.0,5251.0,2539.0,2712.0,5913.0,1878.0,4035.0
11,Livingston & Wyoming Counties PUMA,7447.0,3290.0,4157.0,5938.0,2740.0,3198.0,1509.0,550.0,959.0,910.0,406.0,504.0,857.0,353.0,504.0,53.0,53.0,0.0,5165.0,2454.0,2711.0,4441.0,2181.0,2260.0,724.0,273.0,451.0,1372.0,430.0,942.0,640.0,206.0,434.0,732.0,224.0,508.0
12,NYC-Manhattan Community District 3--Chinatown & Lower East Side PUMA,49840.0,23479.0,26361.0,40913.0,19347.0,21566.0,8927.0,4132.0,4795.0,32369.0,14745.0,17624.0,27703.0,12181.0,15522.0,4666.0,2564.0,2102.0,14125.0,6973.0,7152.0,10744.0,5568.0,5176.0,3381.0,1405.0,1976.0,3346.0,1761.0,1585.0,2466.0,1598.0,868.0,880.0,163.0,717.0
13,Suffolk County (West Central)--Babylon Town (Northwest) PUMA,8042.0,3125.0,4917.0,4404.0,1802.0,2602.0,3638.0,1323.0,2315.0,1443.0,230.0,1213.0,957.0,230.0,727.0,486.0,0.0,486.0,6123.0,2754.0,3369.0,3296.0,1572.0,1724.0,2827.0,1182.0,1645.0,476.0,141.0,335.0,151.0,0.0,151.0,325.0,141.0,184.0
14,Broome County (West Central)--Greater Binghamton City & Greater Johnson City Village PUMA,17978.0,9414.0,8564.0,13268.0,6962.0,6306.0,4710.0,2452.0,2258.0,3170.0,2164.0,1006.0,2807.0,1988.0,819.0,363.0,176.0,187.0,12251.0,6360.0,5891.0,8998.0,4468.0,4530.0,3253.0,1892.0,1361.0,2557.0,890.0,1667.0,1463.0,506.0,957.0,1094.0,384.0,710.0
15,Nassau County (Northwest)--North Hempstead Town (North) PUMA,6992.0,3290.0,3702.0,5815.0,2780.0,3035.0,1177.0,510.0,667.0,4698.0,1867.0,2831.0,4202.0,1643.0,2559.0,496.0,224.0,272.0,2008.0,1137.0,871.0,1613.0,1137.0,476.0,395.0,0.0,395.0,286.0,286.0,0.0,0.0,0.0,0.0,286.0,286.0,0.0
16,Monroe County (Central)--Rochester City (East) PUMA,28676.0,12892.0,15784.0,19911.0,10349.0,9562.0,8765.0,2543.0,6222.0,7949.0,4388.0,3561.0,7729.0,4168.0,3561.0,220.0,220.0,0.0,14947.0,6745.0,8202.0,9409.0,4991.0,4418.0,5538.0,1754.0,3784.0,5780.0,1759.0,4021.0,2773.0,1190.0,1583.0,3007.0,569.0,2438.0
17,Westchester County (Northwest) PUMA,11005.0,4936.0,6069.0,8325.0,4302.0,4023.0,2680.0,634.0,2046.0,5045.0,1768.0,3277.0,3933.0,1768.0,2165.0,1112.0,0.0,1112.0,4949.0,2907.0,2042.0,3917.0,2273.0,1644.0,1032.0,634.0,398.0,1011.0,261.0,750.0,475.0,261.0,214.0,536.0,0.0,536.0
18,NYC-Brooklyn Community District 16--Brownsville & Ocean Hill PUMA,26817.0,9950.0,16867.0,17715.0,6064.0,11651.0,9102.0,3886.0,5216.0,4151.0,1009.0,3142.0,3484.0,725.0,2759.0,667.0,284.0,383.0,17737.0,6232.0,11505.0,11214.0,3875.0,7339.0,6523.0,2357.0,4166.0,4929.0,2709.0,2220.0,3017.0,1464.0,1553.0,1912.0,1245.0,667.0
19,Onondaga County (Central)--Syracuse City PUMA,28260.0,13304.0,14956.0,21186.0,10496.0,10690.0,7074.0,2808.0,4266.0,5140.0,2583.0,2557.0,4457.0,2112.0,2345.0,683.0,471.0,212.0,18440.0,8699.0,9741.0,13420.0,6701.0,6719.0,5020.0,1998.0,3022.0,4680.0,2022.0,2658.0,3309.0,1683.0,1626.0,1371.0,339.0,1032.0
20,Westchester County (Northeast) PUMA,6112.0,3403.0,2709.0,5521.0,3331.0,2190.0,591.0,72.0,519.0,3468.0,1677.0,1791.0,3204.0,1605.0,1599.0,264.0,72.0,192.0,2644.0,1726.0,918.0,2317.0,1726.0,591.0,327.0,0.0,327.0,0.0,0.0,0.0,0.0,0.0,0.0,0.0,0.0,0.0
21,Madison & Cortland Counties PUMA,13745.0,7441.0,6304.0,11092.0,5873.0,5219.0,2653.0,1568.0,1085.0,1982.0,724.0,1258.0,1812.0,628.0,1184.0,170.0,96.0,74.0,9910.0,5150.0,4760.0,8054.0,4305.0,3749.0,1856.0,845.0,1011.0,1853.0,1567.0,286.0,1226.0,940.0,286.0,627.0,627.0,0.0
22,Erie County (West Central)--Buffalo City (West) PUMA,27817.0,11882.0,15935.0,23167.0,10182.0,12985.0,4650.0,1700.0,2950.0,11353.0,4575.0,6778.0,10271.0,4293.0,5978.0,1082.0,282.0,800.0,14000.0,6557.0,7443.0,11370.0,5217.0,6153.0,2630.0,1340.0,1290.0,2464.0,750.0,1714.0,1526.0,672.0,854.0,938.0,78.0,860.0
23,Monroe County (Central)--Rochester City (West) PUMA,23563.0,10587.0,12976.0,17319.0,7379.0,9940.0,6244.0,3208.0,3036.0,3371.0,1729.0,1642.0,3016.0,1513.0,1503.0,355.0,216.0,139.0,14791.0,5982.0,8809.0,10992.0,4158.0,6834.0,3799.0,1824.0,1975.0,5401.0,2876.0,2525.0,3311.0,1708.0,1603.0,2090.0,1168.0,922.0
24,Suffolk County (Central)--Islip Town (East) PUMA,12389.0,6341.0,6048.0,8843.0,4286.0,4557.0,3546.0,2055.0,1491.0,3510.0,1357.0,2153.0,2995.0,1230.0,1765.0,515.0,127.0,388.0,7998.0,4802.0,3196.0,5606.0,2993.0,2613.0,2392.0,1809.0,583.0,881.0,182.0,699.0,242.0,63.0,179.0,639.0,119.0,520.0
25,Nassau County (Central)--Hempstead Town (East Central) PUMA,2136.0,1141.0,995.0,1755.0,1024.0,731.0,381.0,117.0,264.0,1124.0,520.0,604.0,875.0,403.0,472.0,249.0,117.0,132.0,1012.0,621.0,391.0,880.0,621.0,259.0,132.0,0.0,132.0,0.0,0.0,0.0,0.0,0.0,0.0,0.0,0.0,0.0
26,"NYC-Bronx Community District 5--Morris Heights, Fordham South & Mount Hope PUMA",22516.0,10544.0,11972.0,14911.0,7281.0,7630.0,7605.0,3263.0,4342.0,3551.0,1527.0,2024.0,2898.0,1312.0,1586.0,653.0,215.0,438.0,13068.0,6171.0,6897.0,8633.0,4095.0,4538.0,4435.0,2076.0,2359.0,5897.0,2846.0,3051.0,3380.0,1874.0,1506.0,2517.0,972.0,1545.0
27,St. Lawrence County PUMA,9934.0,4394.0,5540.0,8483.0,3857.0,4626.0,1451.0,537.0,914.0,1832.0,755.0,1077.0,1759.0,755.0,1004.0,73.0,0.0,73.0,6775.0,3162.0,3613.0,5832.0,2706.0,3126.0,943.0,456.0,487.0,1327.0,477.0,850.0,892.0,396.0,496.0,435.0,81.0,354.0
28,Columbia & Greene Counties PUMA,11658.0,5775.0,5883.0,7831.0,4032.0,3799.0,3827.0,1743.0,2084.0,2374.0,967.0,1407.0,2204.0,967.0,1237.0,170.0,0.0,170.0,7969.0,4073.0,3896.0,5006.0,2795.0,2211.0,2963.0,1278.0,1685.0,1315.0,735.0,580.0,621.0,270.0,351.0,694.0,465.0,229.0
29,NYC-Brooklyn Community District 2--Brooklyn Heights & Fort Greene PUMA,46805.0,22170.0,24635.0,40867.0,19491.0,21376.0,5938.0,2679.0,3259.0,33999.0,16598.0,17401.0,31775.0,15790.0,15985.0,2224.0,808.0,1416.0,10059.0,4470.0,5589.0,6993.0,2692.0,4301.0,3066.0,1778.0,1288.0,2747.0,1102.0,1645.0,2099.0,1009.0,1090.0,648.0,93.0,555.0
30,"NYC-Queens Community District 8--Briarwood, Fresh Meadows & Hillcrest PUMA",15062.0,6296.0,8766.0,12391.0,5615.0,6776.0,2671.0,681.0,1990.0,7857.0,3379.0,4478.0,6409.0,2959.0,3450.0,1448.0,420.0,1028.0,6546.0,2752.0,3794.0,5435.0,2491.0,2944.0,1111.0,261.0,850.0,659.0,165.0,494.0,547.0,165.0,382.0,112.0,0.0,112.0
31,Monroe County (North & West) PUMA,10848.0,5935.0,4913.0,9312.0,5335.0,3977.0,1536.0,600.0,936.0,3689.0,1799.0,1890.0,3324.0,1634.0,1690.0,365.0,165.0,200.0,6367.0,4017.0,2350.0,5280.0,3666.0,1614.0,1087.0,351.0,736.0,792.0,119.0,673.0,708.0,35.0,673.0,84.0,84.0,0.0
32,Schenectady County--Schenectady City PUMA,17970.0,8220.0,9750.0,15523.0,7224.0,8299.0,2447.0,996.0,1451.0,4354.0,1851.0,2503.0,3837.0,1723.0,2114.0,517.0,128.0,389.0,11259.0,5581.0,5678.0,9608.0,4914.0,4694.0,1651.0,667.0,984.0,2357.0,788.0,1569.0,2078.0,587.0,1491.0,279.0,201.0,78.0
33,"Rockland County (West)--Spring Valley, Suffern Villages & Monsey PUMA",13265.0,7059.0,6206.0,8416.0,4625.0,3791.0,4849.0,2434.0,2415.0,1824.0,976.0,848.0,1376.0,672.0,704.0,448.0,304.0,144.0,8690.0,5025.0,3665.0,5875.0,3620.0,2255.0,2815.0,1405.0,1410.0,2751.0,1058.0,1693.0,1165.0,333.0,832.0,1586.0,725.0,861.0
34,Niagara County (North & East) PUMA,10966.0,5918.0,5048.0,8999.0,4661.0,4338.0,1967.0,1257.0,710.0,1495.0,697.0,798.0,1379.0,697.0,682.0,116.0,0.0,116.0,8409.0,4223.0,4186.0,6595.0,3003.0,3592.0,1814.0,1220.0,594.0,1062.0,998.0,64.0,1025.0,961.0,64.0,37.0,37.0,0.0
35,Suffolk County (Central)--Brookhaven Town (Central) PUMA,11647.0,4279.0,7368.0,9430.0,3875.0,5555.0,2217.0,404.0,1813.0,2143.0,675.0,1468.0,1479.0,389.0,1090.0,664.0,286.0,378.0,9248.0,3467.0,5781.0,7695.0,3349.0,4346.0,1553.0,118.0,1435.0,256.0,137.0,119.0,256.0,137.0,119.0,0.0,0.0,0.0
36,Suffolk County (East) PUMA,6933.0,3511.0,3422.0,5999.0,3265.0,2734.0,934.0,246.0,688.0,2701.0,1341.0,1360.0,2523.0,1163.0,1360.0,178.0,178.0,0.0,4232.0,2170.0,2062.0,3476.0,2102.0,1374.0,756.0,68.0,688.0,0.0,0.0,0.0,0.0,0.0,0.0,0.0,0.0,0.0
37,Warren & Washington Counties PUMA,16812.0,8354.0,8458.0,13182.0,6685.0,6497.0,3630.0,1669.0,1961.0,1916.0,1042.0,874.0,1841.0,1042.0,799.0,75.0,0.0,75.0,11746.0,5768.0,5978.0,9478.0,4335.0,5143.0,2268.0,1433.0,835.0,3150.0,1544.0,1606.0,1863.0,1308.0,555.0,1287.0,236.0,1051.0
38,NYC-Queens Community District 6--Forest Hills & Rego Park PUMA,14446.0,6888.0,7558.0,12182.0,6310.0,5872.0,2264.0,578.0,1686.0,9521.0,4954.0,4567.0,8509.0,4817.0,3692.0,1012.0,137.0,875.0,4421.0,1716.0,2705.0,3596.0,1416.0,2180.0,825.0,300.0,525.0,504.0,218.0,286.0,77.0,77.0,0.0,427.0,141.0,286.0
39,"NYC-Brooklyn Community District 9--Crown Heights South, Prospect Lefferts & Wingate PUMA",27117.0,12227.0,14890.0,21984.0,9988.0,11996.0,5133.0,2239.0,2894.0,14560.0,6579.0,7981.0,14014.0,6406.0,7608.0,546.0,173.0,373.0,9527.0,3763.0,5764.0,6473.0,2715.0,3758.0,3054.0,1048.0,2006.0,3030.0,1885.0,1145.0,1497.0,867.0,630.0,1533.0,1018.0,515.0
40,Westchester County (Central)--White Plains City PUMA,15164.0,6530.0,8634.0,13213.0,5708.0,7505.0,1951.0,822.0,1129.0,9488.0,4086.0,5402.0,8482.0,3736.0,4746.0,1006.0,350.0,656.0,5213.0,2156.0,3057.0,4561.0,1875.0,2686.0,652.0,281.0,371.0,463.0,288.0,175.0,170.0,97.0,73.0,293.0,191.0,102.0
41,"NYC-Bronx Community District 1 & 2--Hunts Point, Longwood & Melrose PUMA",36483.0,15286.0,21197.0,25704.0,11117.0,14587.0,10779.0,4169.0,6610.0,5920.0,2541.0,3379.0,4756.0,2228.0,2528.0,1164.0,313.0,851.0,21501.0,9215.0,12286.0,14569.0,6269.0,8300.0,6932.0,2946.0,3986.0,9062.0,3530.0,5532.0,6379.0,2620.0,3759.0,2683.0,910.0,1773.0
42,Erie County (North Central) PUMA,6747.0,2518.0,4229.0,5736.0,2028.0,3708.0,1011.0,490.0,521.0,2837.0,1225.0,1612.0,2415.0,1047.0,1368.0,422.0,178.0,244.0,3828.0,1293.0,2535.0,3239.0,981.0,2258.0,589.0,312.0,277.0,82.0,0.0,82.0,82.0,0.0,82.0,0.0,0.0,0.0
43,Chautauqua County PUMA,14040.0,7242.0,6798.0,9595.0,5054.0,4541.0,4445.0,2188.0,2257.0,2530.0,988.0,1542.0,2074.0,929.0,1145.0,456.0,59.0,397.0,9488.0,5320.0,4168.0,6865.0,3842.0,3023.0,2623.0,1478.0,1145.0,2022.0,934.0,1088.0,656.0,283.0,373.0,1366.0,651.0,715.0
44,Dutchess County (Southwest) PUMA,21475.0,10657.0,10818.0,16728.0,8156.0,8572.0,4747.0,2501.0,2246.0,4410.0,1011.0,3399.0,4197.0,798.0,3399.0,213.0,213.0,0.0,14962.0,8827.0,6135.0,11175.0,6825.0,4350.0,3787.0,2002.0,1785.0,2103.0,819.0,1284.0,1356.0,533.0,823.0,747.0,286.0,461.0
45,Westchester County (Southeast) PUMA,7125.0,4201.0,2924.0,6351.0,3888.0,2463.0,774.0,313.0,461.0,4744.0,2780.0,1964.0,4318.0,2597.0,1721.0,426.0,183.0,243.0,2113.0,1295.0,818.0,1765.0,1165.0,600.0,348.0,130.0,218.0,268.0,126.0,142.0,268.0,126.0,142.0,0.0,0.0,0.0
46,Rockland County (North)--New City & Congers PUMA,4430.0,2120.0,2310.0,3073.0,1189.0,1884.0,1357.0,931.0,426.0,2251.0,514.0,1737.0,1658.0,161.0,1497.0,593.0,353.0,240.0,1453.0,1028.0,425.0,1267.0,1028.0,239.0,186.0,0.0,186.0,726.0,578.0,148.0,148.0,0.0,148.0,578.0,578.0,0.0
47,NYC-Staten Island Community District 2--New Springville & South Beach PUMA,11250.0,4959.0,6291.0,9324.0,3839.0,5485.0,1926.0,1120.0,806.0,3166.0,1796.0,1370.0,2664.0,1358.0,1306.0,502.0,438.0,64.0,7534.0,3061.0,4473.0,6235.0,2409.0,3826.0,1299.0,652.0,647.0,550.0,102.0,448.0,425.0,72.0,353.0,125.0,30.0,95.0
48,Suffolk County (Southwest)--Islip Town (South) PUMA,6315.0,3307.0,3008.0,4631.0,1980.0,2651.0,1684.0,1327.0,357.0,1393.0,170.0,1223.0,1393.0,170.0,1223.0,0.0,0.0,0.0,4209.0,2495.0,1714.0,3167.0,1810.0,1357.0,1042.0,685.0,357.0,713.0,642.0,71.0,71.0,0.0,71.0,642.0,642.0,0.0
49,Erie County (West Central)--Buffalo City (East) PUMA,32146.0,12707.0,19439.0,22340.0,9616.0,12724.0,9806.0,3091.0,6715.0,3697.0,1296.0,2401.0,3102.0,1196.0,1906.0,595.0,100.0,495.0,22428.0,8580.0,13848.0,16511.0,7066.0,9445.0,5917.0,1514.0,4403.0,6021.0,2831.0,3190.0,2727.0,1354.0,1373.0,3294.0,1477.0,1817.0
50,Wayne & Seneca Counties PUMA,9238.0,4501.0,4737.0,7481.0,3675.0,3806.0,1757.0,826.0,931.0,399.0,210.0,189.0,373.0,210.0,163.0,26.0,0.0,26.0,7293.0,3598.0,3695.0,5761.0,2772.0,2989.0,1532.0,826.0,706.0,1546.0,693.0,853.0,1347.0,693.0,654.0,199.0,0.0,199.0
51,Monroe County (South) PUMA,14421.0,6774.0,7647.0,12515.0,5861.0,6654.0,1906.0,913.0,993.0,6502.0,2427.0,4075.0,5345.0,2014.0,3331.0,1157.0,413.0,744.0,7088.0,4072.0,3016.0,6583.0,3671.0,2912.0,505.0,401.0,104.0,831.0,275.0,556.0,587.0,176.0,411.0,244.0,99.0,145.0
52,Tompkins County PUMA,12052.0,6242.0,5810.0,9186.0,5093.0,4093.0,2866.0,1149.0,1717.0,7286.0,3720.0,3566.0,6086.0,3162.0,2924.0,1200.0,558.0,642.0,4137.0,2017.0,2120.0,2568.0,1523.0,1045.0,1569.0,494.0,1075.0,629.0,505.0,124.0,532.0,408.0,124.0,97.0,97.0,0.0
53,Suffolk County (South Central)--Brookhaven Town (South) PUMA,13190.0,5605.0,7585.0,8859.0,4350.0,4509.0,4331.0,1255.0,3076.0,3590.0,1531.0,2059.0,3079.0,1531.0,1548.0,511.0,0.0,511.0,8993.0,3840.0,5153.0,5635.0,2819.0,2816.0,3358.0,1021.0,2337.0,607.0,234.0,373.0,145.0,0.0,145.0,462.0,234.0,228.0
54,"Otsego, Schoharie, Oneida (South) & Herkimer (South) Counties PUMA",8981.0,4523.0,4458.0,7762.0,3852.0,3910.0,1219.0,671.0,548.0,2157.0,1361.0,796.0,1869.0,1089.0,780.0,288.0,272.0,16.0,5344.0,2026.0,3318.0,4684.0,1827.0,2857.0,660.0,199.0,461.0,1480.0,1136.0,344.0,1209.0,936.0,273.0,271.0,200.0,71.0
55,NYC-Manhattan Community District 8--Upper East Side PUMA,57942.0,22611.0,35331.0,52748.0,20933.0,31815.0,5194.0,1678.0,3516.0,50905.0,19702.0,31203.0,47677.0,18679.0,28998.0,3228.0,1023.0,2205.0,7037.0,2909.0,4128.0,5071.0,2254.0,2817.0,1966.0,655.0,1311.0,0.0,0.0,0.0,0.0,0.0,0.0,0.0,0.0,0.0
56,"NYC-Manhattan Community District 1 & 2--Battery Park City, Greenwich Village & Soho PUMA",45539.0,22631.0,22908.0,42485.0,21475.0,21010.0,3054.0,1156.0,1898.0,41197.0,19599.0,21598.0,38602.0,18542.0,20060.0,2595.0,1057.0,1538.0,4110.0,3032.0,1078.0,3883.0,2933.0,950.0,227.0,99.0,128.0,232.0,0.0,232.0,0.0,0.0,0.0,232.0,0.0,232.0
57,"NYC-Manhattan Community District 12--Washington Heights, Inwood & Marble Hill PUMA",50972.0,25740.0,25232.0,40013.0,21269.0,18744.0,10959.0,4471.0,6488.0,24365.0,9214.0,15151.0,19584.0,7745.0,11839.0,4781.0,1469.0,3312.0,21637.0,13810.0,7827.0,16791.0,11453.0,5338.0,4846.0,2357.0,2489.0,4970.0,2716.0,2254.0,3638.0,2071.0,1567.0,1332.0,645.0,687.0
58,NYC-Brooklyn Community District 18--Canarsie & Flatlands PUMA,16740.0,6600.0,10140.0,14075.0,5678.0,8397.0,2665.0,922.0,1743.0,4844.0,1518.0,3326.0,4744.0,1462.0,3282.0,100.0,56.0,44.0,10444.0,4760.0,5684.0,8381.0,3894.0,4487.0,2063.0,866.0,1197.0,1452.0,322.0,1130.0,950.0,322.0,628.0,502.0,0.0,502.0
59,"NYC-Bronx Community District 12--Wakefield, Williamsbridge & Woodlawn PUMA",23335.0,8694.0,14641.0,16832.0,5699.0,11133.0,6503.0,2995.0,3508.0,7042.0,3062.0,3980.0,5419.0,2449.0,2970.0,1623.0,613.0,1010.0,11687.0,4503.0,7184.0,8249.0,2425.0,5824.0,3438.0,2078.0,1360.0,4606.0,1129.0,3477.0,3164.0,825.0,2339.0,1442.0,304.0,1138.0
60,Suffolk County (Central)--Islip Town (Northwest) PUMA,7839.0,3738.0,4101.0,6759.0,3489.0,3270.0,1080.0,249.0,831.0,1817.0,568.0,1249.0,1817.0,568.0,1249.0,0.0,0.0,0.0,4680.0,2423.0,2257.0,3942.0,2174.0,1768.0,738.0,249.0,489.0,1342.0,747.0,595.0,1000.0,747.0,253.0,342.0,0.0,342.0
61,"NYC-Queens Community District 14--Far Rockaway, Breezy Point & Broad Channel PUMA",17815.0,7195.0,10620.0,16372.0,6553.0,9819.0,1443.0,642.0,801.0,4261.0,1743.0,2518.0,4015.0,1585.0,2430.0,246.0,158.0,88.0,10819.0,3775.0,7044.0,9847.0,3411.0,6436.0,972.0,364.0,608.0,2735.0,1677.0,1058.0,2510.0,1557.0,953.0,225.0,120.0,105.0
62,Saratoga County (South & Central) PUMA,16268.0,7924.0,8344.0,15893.0,7805.0,8088.0,375.0,119.0,256.0,7066.0,3310.0,3756.0,6955.0,3241.0,3714.0,111.0,69.0,42.0,8314.0,4243.0,4071.0,8050.0,4193.0,3857.0,264.0,50.0,214.0,888.0,371.0,517.0,888.0,371.0,517.0,0.0,0.0,0.0
63,Cattaraugus & Allegany Counties PUMA,14071.0,6929.0,7142.0,12330.0,5931.0,6399.0,1741.0,998.0,743.0,987.0,389.0,598.0,788.0,281.0,507.0,199.0,108.0,91.0,11555.0,5613.0,5942.0,10059.0,4769.0,5290.0,1496.0,844.0,652.0,1529.0,927.0,602.0,1483.0,881.0,602.0,46.0,46.0,0.0
64,Genesee & Orleans Counties PUMA,9380.0,4659.0,4721.0,6960.0,3515.0,3445.0,2420.0,1144.0,1276.0,1363.0,354.0,1009.0,1234.0,241.0,993.0,129.0,113.0,16.0,5797.0,3022.0,2775.0,4985.0,2711.0,2274.0,812.0,311.0,501.0,2220.0,1283.0,937.0,741.0,563.0,178.0,1479.0,720.0,759.0
65,Cayuga & Onondaga (South) Counties PUMA,10385.0,4894.0,5491.0,7523.0,3813.0,3710.0,2862.0,1081.0,1781.0,928.0,495.0,433.0,899.0,495.0,404.0,29.0,0.0,29.0,8277.0,4018.0,4259.0,5467.0,2960.0,2507.0,2810.0,1058.0,1752.0,1180.0,381.0,799.0,1157.0,358.0,799.0,23.0,23.0,0.0
66,Sullivan & Ulster (West) Counties PUMA,12743.0,6658.0,6085.0,9308.0,4914.0,4394.0,3435.0,1744.0,1691.0,2511.0,1646.0,865.0,2063.0,1198.0,865.0,448.0,448.0,0.0,8517.0,3674.0,4843.0,6371.0,3206.0,3165.0,2146.0,468.0,1678.0,1715.0,1338.0,377.0,874.0,510.0,364.0,841.0,828.0,13.0
67,"NYC-Bronx Community District 7--Bedford Park, Fordham North & Norwood PUMA",24310.0,10505.0,13805.0,17375.0,8053.0,9322.0,6935.0,2452.0,4483.0,2890.0,970.0,1920.0,2810.0,890.0,1920.0,80.0,80.0,0.0,16284.0,7650.0,8634.0,11757.0,6024.0,5733.0,4527.0,1626.0,2901.0,5136.0,1885.0,3251.0,2808.0,1139.0,1669.0,2328.0,746.0,1582.0
68,Suffolk County (Central)--Brookhaven Town (West Central) PUMA,5346.0,2553.0,2793.0,3539.0,1552.0,1987.0,1807.0,1001.0,806.0,2099.0,995.0,1104.0,2030.0,995.0,1035.0,69.0,0.0,69.0,2884.0,1298.0,1586.0,1402.0,500.0,902.0,1482.0,798.0,684.0,363.0,260.0,103.0,107.0,57.0,50.0,256.0,203.0,53.0
69,NYC-Queens Community District 1--Astoria & Long Island City PUMA,48677.0,23054.0,25623.0,43054.0,20238.0,22816.0,5623.0,2816.0,2807.0,33414.0,15254.0,18160.0,30519.0,13654.0,16865.0,2895.0,1600.0,1295.0,13604.0,7176.0,6428.0,11398.0,6138.0,5260.0,2206.0,1038.0,1168.0,1659.0,624.0,1035.0,1137.0,446.0,691.0,522.0,178.0,344.0
70,Jefferson & Lewis Counties PUMA,20487.0,11235.0,9252.0,17913.0,10195.0,7718.0,2574.0,1040.0,1534.0,5161.0,2309.0,2852.0,4804.0,2089.0,2715.0,357.0,220.0,137.0,14138.0,8455.0,5683.0,12330.0,7795.0,4535.0,1808.0,660.0,1148.0,1188.0,471.0,717.0,779.0,311.0,468.0,409.0,160.0,249.0
71,Nassau County (West Central)--Hempstead Town (Northwest) PUMA,4930.0,2736.0,2194.0,3466.0,2004.0,1462.0,1464.0,732.0,732.0,735.0,469.0,266.0,504.0,399.0,105.0,231.0,70.0,161.0,3285.0,1869.0,1416.0,2332.0,1207.0,1125.0,953.0,662.0,291.0,910.0,398.0,512.0,630.0,398.0,232.0,280.0,0.0,280.0
72,Nassau County (Central)--Hempstead Town (North Central)--Meadowbrook Corridor PUMA,9435.0,3053.0,6382.0,7183.0,2184.0,4999.0,2252.0,869.0,1383.0,1676.0,599.0,1077.0,1676.0,599.0,1077.0,0.0,0.0,0.0,6953.0,2343.0,4610.0,4859.0,1474.0,3385.0,2094.0,869.0,1225.0,806.0,111.0,695.0,648.0,111.0,537.0,158.0,0.0,158.0
73,Orange County (Northeast)--Greater Newburgh City PUMA,15114.0,6430.0,8684.0,11785.0,5135.0,6650.0,3329.0,1295.0,2034.0,3427.0,1751.0,1676.0,3220.0,1751.0,1469.0,207.0,0.0,207.0,10137.0,4250.0,5887.0,7985.0,3199.0,4786.0,2152.0,1051.0,1101.0,1550.0,429.0,1121.0,580.0,185.0,395.0,970.0,244.0,726.0
74,"NYC-Bronx Community District 11--Pelham Parkway, Morris Park & Laconia PUMA",27540.0,13529.0,14011.0,21605.0,11026.0,10579.0,5935.0,2503.0,3432.0,6857.0,2278.0,4579.0,6606.0,2144.0,4462.0,251.0,134.0,117.0,17428.0,9680.0,7748.0,13644.0,8055.0,5589.0,3784.0,1625.0,2159.0,3255.0,1571.0,1684.0,1355.0,827.0,528.0,1900.0,744.0,1156.0
75,"NYC-Queens Community District 12--Jamaica, Hollis & St. Albans PUMA",19755.0,7618.0,12137.0,15656.0,6453.0,9203.0,4099.0,1165.0,2934.0,4625.0,610.0,4015.0,3762.0,610.0,3152.0,863.0,0.0,863.0,13171.0,6349.0,6822.0,10854.0,5228.0,5626.0,2317.0,1121.0,1196.0,1959.0,659.0,1300.0,1040.0,615.0,425.0,919.0,44.0,875.0
76,Erie County (Central) PUMA,17299.0,7913.0,9386.0,14456.0,6952.0,7504.0,2843.0,961.0,1882.0,4412.0,1978.0,2434.0,3872.0,1881.0,1991.0,540.0,97.0,443.0,10576.0,4507.0,6069.0,8994.0,3842.0,5152.0,1582.0,665.0,917.0,2311.0,1428.0,883.0,1590.0,1229.0,361.0,721.0,199.0,522.0
77,"NYC-Staten Island Community District 1--Port Richmond, Stapleton & Mariner's Harbor PUMA",20731.0,9311.0,11420.0,14102.0,7027.0,7075.0,6629.0,2284.0,4345.0,3855.0,1665.0,2190.0,3529.0,1624.0,1905.0,326.0,41.0,285.0,12352.0,5377.0,6975.0,8888.0,4585.0,4303.0,3464.0,792.0,2672.0,4524.0,2269.0,2255.0,1685.0,818.0,867.0,2839.0,1451.0,1388.0
78,"NYC-Brooklyn Community District 15--Sheepshead Bay, Gerritsen Beach & Homecrest PUMA",11705.0,6183.0,5522.0,9982.0,5658.0,4324.0,1723.0,525.0,1198.0,4835.0,2157.0,2678.0,4479.0,2157.0,2322.0,356.0,0.0,356.0,5456.0,3012.0,2444.0,4348.0,2746.0,1602.0,1108.0,266.0,842.0,1414.0,1014.0,400.0,1155.0,755.0,400.0,259.0,259.0,0.0
79,"NYC-Bronx Community District 8--Riverdale, Fieldston & Kingsbridge PUMA",23407.0,10571.0,12836.0,18601.0,8348.0,10253.0,4806.0,2223.0,2583.0,9221.0,3189.0,6032.0,8901.0,3102.0,5799.0,320.0,87.0,233.0,11152.0,5866.0,5286.0,7750.0,4530.0,3220.0,3402.0,1336.0,2066.0,3034.0,1516.0,1518.0,1950.0,716.0,1234.0,1084.0,800.0,284.0
80,NYC-Brooklyn Community District 5--East New York & Starrett City PUMA,27704.0,11914.0,15790.0,21153.0,9276.0,11877.0,6551.0,2638.0,3913.0,5686.0,1980.0,3706.0,5010.0,1935.0,3075.0,676.0,45.0,631.0,18108.0,8019.0,10089.0,13576.0,6167.0,7409.0,4532.0,1852.0,2680.0,3910.0,1915.0,1995.0,2567.0,1174.0,1393.0,1343.0,741.0,602.0
81,Onondaga County (Central)--Syracuse City (Outer) PUMA,15205.0,8012.0,7193.0,12427.0,6645.0,5782.0,2778.0,1367.0,1411.0,3914.0,1872.0,2042.0,3789.0,1807.0,1982.0,125.0,65.0,60.0,9302.0,4796.0,4506.0,7443.0,4129.0,3314.0,1859.0,667.0,1192.0,1989.0,1344.0,645.0,1195.0,709.0,486.0,794.0,635.0,159.0
82,"NYC-Manhattan Community District 6--Murray Hill, Gramercy & Stuyvesant Town PUMA",43326.0,22493.0,20833.0,38374.0,20350.0,18024.0,4952.0,2143.0,2809.0,39792.0,19920.0,19872.0,35294.0,18095.0,17199.0,4498.0,1825.0,2673.0,3210.0,2249.0,961.0,2756.0,1931.0,825.0,454.0,318.0,136.0,324.0,324.0,0.0,324.0,324.0,0.0,0.0,0.0,0.0
83,"Chenango, Delaware & Broome (East) Counties PUMA",9494.0,4586.0,4908.0,8412.0,3970.0,4442.0,1082.0,616.0,466.0,1348.0,308.0,1040.0,1348.0,308.0,1040.0,0.0,0.0,0.0,7479.0,3906.0,3573.0,6477.0,3290.0,3187.0,1002.0,616.0,386.0,667.0,372.0,295.0,587.0,372.0,215.0,80.0,0.0,80.0
84,Orange County (Northwest) PUMA,14191.0,6686.0,7505.0,10146.0,5339.0,4807.0,4045.0,1347.0,2698.0,966.0,287.0,679.0,778.0,215.0,563.0,188.0,72.0,116.0,11219.0,5407.0,5812.0,7993.0,4357.0,3636.0,3226.0,1050.0,2176.0,2006.0,992.0,1014.0,1375.0,767.0,608.0,631.0,225.0,406.0
85,NYC-Brooklyn Community District 7--Sunset Park & Windsor Terrace PUMA,19121.0,9794.0,9327.0,15644.0,8048.0,7596.0,3477.0,1746.0,1731.0,10137.0,4440.0,5697.0,9244.0,3907.0,5337.0,893.0,533.0,360.0,7309.0,4653.0,2656.0,5172.0,3541.0,1631.0,2137.0,1112.0,1025.0,1675.0,701.0,974.0,1228.0,600.0,628.0,447.0,101.0,346.0
86,Nassau County (Northeast)--Oyster Bay Town (North) & Glen Cove City PUMA,6605.0,3051.0,3554.0,4935.0,2487.0,2448.0,1670.0,564.0,1106.0,2116.0,1265.0,851.0,1911.0,1170.0,741.0,205.0,95.0,110.0,3445.0,1396.0,2049.0,2579.0,1001.0,1578.0,866.0,395.0,471.0,1044.0,390.0,654.0,445.0,316.0,129.0,599.0,74.0,525.0
87,Dutchess County (North & East) PUMA,8216.0,3793.0,4423.0,5727.0,2581.0,3146.0,2489.0,1212.0,1277.0,2252.0,858.0,1394.0,1900.0,789.0,1111.0,352.0,69.0,283.0,4439.0,2002.0,2437.0,3321.0,1473.0,1848.0,1118.0,529.0,589.0,1525.0,933.0,592.0,506.0,319.0,187.0,1019.0,614.0,405.0
88,Putnam County PUMA,3731.0,1970.0,1761.0,2949.0,1777.0,1172.0,782.0,193.0,589.0,905.0,319.0,586.0,839.0,253.0,586.0,66.0,66.0,0.0,2766.0,1651.0,1115.0,2110.0,1524.0,586.0,656.0,127.0,529.0,60.0,0.0,60.0,0.0,0.0,0.0,60.0,0.0,60.0
89,Albany County (Outside Albany City) PUMA,20534.0,9426.0,11108.0,18356.0,8668.0,9688.0,2178.0,758.0,1420.0,6608.0,2569.0,4039.0,6139.0,2431.0,3708.0,469.0,138.0,331.0,12058.0,5904.0,6154.0,10745.0,5284.0,5461.0,1313.0,620.0,693.0,1868.0,953.0,915.0,1472.0,953.0,519.0,396.0,0.0,396.0
90,"NYC-Bronx Community District 10--Co-op City, Pelham Bay & Schuylerville PUMA",20500.0,9654.0,10846.0,17912.0,9053.0,8859.0,2588.0,601.0,1987.0,3738.0,1340.0,2398.0,3444.0,1340.0,2104.0,294.0,0.0,294.0,15112.0,7402.0,7710.0,13272.0,7197.0,6075.0,1840.0,205.0,1635.0,1650.0,912.0,738.0,1196.0,516.0,680.0,454.0,396.0,58.0
91,NYC-Queens Community District 4--Elmhurst & South Corona PUMA,11199.0,6641.0,4558.0,9085.0,5442.0,3643.0,2114.0,1199.0,915.0,2911.0,1427.0,1484.0,2911.0,1427.0,1484.0,0.0,0.0,0.0,7123.0,4838.0,2285.0,5744.0,3801.0,1943.0,1379.0,1037.0,342.0,1165.0,376.0,789.0,430.0,214.0,216.0,735.0,162.0,573.0
92,"NYC-Brooklyn Community District 12--Borough Park, Kensington & Ocean Parkway PUMA",17554.0,8798.0,8756.0,12411.0,6037.0,6374.0,5143.0,2761.0,2382.0,4389.0,1846.0,2543.0,3945.0,1720.0,2225.0,444.0,126.0,318.0,11727.0,6164.0,5563.0,7390.0,3740.0,3650.0,4337.0,2424.0,1913.0,1438.0,788.0,650.0,1076.0,577.0,499.0,362.0,211.0,151.0
93,Nassau County (Southeast)--Oyster Bay Town (South) PUMA,3358.0,1895.0,1463.0,2715.0,1819.0,896.0,643.0,76.0,567.0,1462.0,783.0,679.0,1238.0,783.0,455.0,224.0,0.0,224.0,1567.0,876.0,691.0,1148.0,800.0,348.0,419.0,76.0,343.0,329.0,236.0,93.0,329.0,236.0,93.0,0.0,0.0,0.0
94,Suffolk County (Northwest)--Huntington Town (South) PUMA,1648.0,503.0,1145.0,1648.0,503.0,1145.0,0.0,0.0,0.0,1272.0,333.0,939.0,1272.0,333.0,939.0,0.0,0.0,0.0,376.0,170.0,206.0,376.0,170.0,206.0,0.0,0.0,0.0,0.0,0.0,0.0,0.0,0.0,0.0,0.0,0.0,0.0
95,Oswego County PUMA,12005.0,6192.0,5813.0,8476.0,4729.0,3747.0,3529.0,1463.0,2066.0,1520.0,931.0,589.0,1475.0,931.0,544.0,45.0,0.0,45.0,8009.0,3988.0,4021.0,5588.0,2978.0,2610.0,2421.0,1010.0,1411.0,2476.0,1273.0,1203.0,1413.0,820.0,593.0,1063.0,453.0,610.0
96,Rensselaer County--Troy City PUMA,26921.0,12785.0,14136.0,22960.0,11407.0,11553.0,3961.0,1378.0,2583.0,5806.0,3078.0,2728.0,5494.0,2920.0,2574.0,312.0,158.0,154.0,16526.0,7468.0,9058.0,13883.0,6519.0,7364.0,2643.0,949.0,1694.0,4589.0,2239.0,2350.0,3583.0,1968.0,1615.0,1006.0,271.0,735.0
97,Saratoga County (Outer) PUMA,11714.0,6003.0,5711.0,9995.0,4966.0,5029.0,1719.0,1037.0,682.0,2358.0,621.0,1737.0,2124.0,621.0,1503.0,234.0,0.0,234.0,8134.0,4283.0,3851.0,6672.0,3269.0,3403.0,1462.0,1014.0,448.0,1222.0,1099.0,123.0,1199.0,1076.0,123.0,23.0,23.0,0.0
98,Herkimer (North & Central) & Oneida (Outer) Counties PUMA,11232.0,5842.0,5390.0,10164.0,5525.0,4639.0,1068.0,317.0,751.0,1931.0,491.0,1440.0,1809.0,491.0,1318.0,122.0,0.0,122.0,8203.0,5138.0,3065.0,7696.0,4903.0,2793.0,507.0,235.0,272.0,1098.0,213.0,885.0,659.0,131.0,528.0,439.0,82.0,357.0
99,Monroe County (East) PUMA,8370.0,4278.0,4092.0,7702.0,3983.0,3719.0,668.0,295.0,373.0,3706.0,1581.0,2125.0,3706.0,1581.0,2125.0,0.0,0.0,0.0,4274.0,2307.0,1967.0,3713.0,2119.0,1594.0,561.0,188.0,373.0,390.0,390.0,0.0,283.0,283.0,0.0,107.0,107.0,0.0
100,"NYC-Queens Community District 13--Queens Village, Cambria Heights & Rosedale PUMA",8289.0,4026.0,4263.0,6399.0,3746.0,2653.0,1890.0,280.0,1610.0,1865.0,1204.0,661.0,1603.0,1204.0,399.0,262.0,0.0,262.0,5452.0,2321.0,3131.0,4398.0,2245.0,2153.0,1054.0,76.0,978.0,972.0,501.0,471.0,398.0,297.0,101.0,574.0,204.0,370.0
101,Erie County (South) PUMA,16628.0,7741.0,8887.0,14337.0,6910.0,7427.0,2291.0,831.0,1460.0,3948.0,1773.0,2175.0,3802.0,1773.0,2029.0,146.0,0.0,146.0,11687.0,5129.0,6558.0,9747.0,4503.0,5244.0,1940.0,626.0,1314.0,993.0,839.0,154.0,788.0,634.0,154.0,205.0,205.0,0.0
102,Monroe County (Central)--Greece & Gates Towns PUMA,12930.0,5455.0,7475.0,10714.0,5242.0,5472.0,2216.0,213.0,2003.0,3533.0,1821.0,1712.0,3458.0,1821.0,1637.0,75.0,0.0,75.0,8204.0,3355.0,4849.0,6671.0,3142.0,3529.0,1533.0,213.0,1320.0,1193.0,279.0,914.0,585.0,279.0,306.0,608.0,0.0,608.0
103,NYC-Manhattan Community District 7--Upper West Side & West Side PUMA,45691.0,21789.0,23902.0,41467.0,20015.0,21452.0,4224.0,1774.0,2450.0,37617.0,17609.0,20008.0,34313.0,16320.0,17993.0,3304.0,1289.0,2015.0,6515.0,3226.0,3289.0,5595.0,2741.0,2854.0,920.0,485.0,435.0,1559.0,954.0,605.0,1559.0,954.0,605.0,0.0,0.0,0.0
104,NYC-Manhattan Community District 11--East Harlem PUMA,39582.0,18448.0,21134.0,30658.0,14295.0,16363.0,8924.0,4153.0,4771.0,15779.0,6506.0,9273.0,12639.0,5147.0,7492.0,3140.0,1359.0,1781.0,16446.0,6708.0,9738.0,13115.0,5118.0,7997.0,3331.0,1590.0,1741.0,7357.0,5234.0,2123.0,4904.0,4030.0,874.0,2453.0,1204.0,1249.0
105,"NYC-Queens Community District 7--Flushing, Murray Hill & Whitestone PUMA",13391.0,6133.0,7258.0,10943.0,4854.0,6089.0,2448.0,1279.0,1169.0,4300.0,1907.0,2393.0,3950.0,1740.0,2210.0,350.0,167.0,183.0,7519.0,3932.0,3587.0,6052.0,3061.0,2991.0,1467.0,871.0,596.0,1572.0,294.0,1278.0,941.0,53.0,888.0,631.0,241.0,390.0
106,NYC-Brooklyn Community District 1--Greenpoint & Williamsburg PUMA,57414.0,31819.0,25595.0,48413.0,26870.0,21543.0,9001.0,4949.0,4052.0,38032.0,21060.0,16972.0,35471.0,19853.0,15618.0,2561.0,1207.0,1354.0,13280.0,7703.0,5577.0,8847.0,4955.0,3892.0,4433.0,2748.0,1685.0,6102.0,3056.0,3046.0,4095.0,2062.0,2033.0,2007.0,994.0,1013.0
107,Onondaga County (North) PUMA,12278.0,5552.0,6726.0,9112.0,3993.0,5119.0,3166.0,1559.0,1607.0,3558.0,1206.0,2352.0,2709.0,961.0,1748.0,849.0,245.0,604.0,6968.0,3357.0,3611.0,5226.0,2470.0,2756.0,1742.0,887.0,855.0,1752.0,989.0,763.0,1177.0,562.0,615.0,575.0,427.0,148.0
108,NYC-Brooklyn Community District 14--Flatbush & Midwood PUMA,25653.0,13960.0,11693.0,22500.0,12377.0,10123.0,3153.0,1583.0,1570.0,10881.0,4816.0,6065.0,9880.0,4193.0,5687.0,1001.0,623.0,378.0,12284.0,7250.0,5034.0,10632.0,6640.0,3992.0,1652.0,610.0,1042.0,2488.0,1894.0,594.0,1988.0,1544.0,444.0,500.0,350.0,150.0
109,"Rockland County (South)--Orangetown, Clarkstown (South) & Ramapo (Southeast) Towns PUMA",8498.0,4975.0,3523.0,6112.0,3286.0,2826.0,2386.0,1689.0,697.0,3413.0,1575.0,1838.0,2770.0,1438.0,1332.0,643.0,137.0,506.0,4692.0,3224.0,1468.0,2949.0,1672.0,1277.0,1743.0,1552.0,191.0,393.0,176.0,217.0,393.0,176.0,217.0,0.0,0.0,0.0
110,NYC-Brooklyn Community District 13--Brighton Beach & Coney Island PUMA,12819.0,5385.0,7434.0,9514.0,4222.0,5292.0,3305.0,1163.0,2142.0,2387.0,1379.0,1008.0,2203.0,1338.0,865.0,184.0,41.0,143.0,6117.0,2093.0,4024.0,3780.0,1188.0,2592.0,2337.0,905.0,1432.0,4315.0,1913.0,2402.0,3531.0,1696.0,1835.0,784.0,217.0,567.0
111,"NYC-Bronx Community District 4--Concourse, Highbridge & Mount Eden PUMA",25104.0,14084.0,11020.0,18268.0,11034.0,7234.0,6836.0,3050.0,3786.0,4944.0,1595.0,3349.0,4293.0,1394.0,2899.0,651.0,201.0,450.0,15045.0,8900.0,6145.0,10682.0,6862.0,3820.0,4363.0,2038.0,2325.0,5115.0,3589.0,1526.0,3293.0,2778.0,515.0,1822.0,811.0,1011.0
112,Erie County (Northeast) PUMA,8393.0,4833.0,3560.0,8133.0,4833.0,3300.0,260.0,0.0,260.0,1667.0,662.0,1005.0,1667.0,662.0,1005.0,0.0,0.0,0.0,6536.0,3981.0,2555.0,6276.0,3981.0,2295.0,260.0,0.0,260.0,190.0,190.0,0.0,190.0,190.0,0.0,0.0,0.0,0.0
113,NYC-Brooklyn Community District 8--Crown Heights North & Prospect Heights PUMA,39803.0,17109.0,22694.0,33614.0,13686.0,19928.0,6189.0,3423.0,2766.0,22686.0,9001.0,13685.0,20951.0,7909.0,13042.0,1735.0,1092.0,643.0,13991.0,6746.0,7245.0,10683.0,5220.0,5463.0,3308.0,1526.0,1782.0,3126.0,1362.0,1764.0,1980.0,557.0,1423.0,1146.0,805.0,341.0
114,NYC-Queens Community District 3--Jackson Heights & North Corona PUMA,11517.0,6900.0,4617.0,10496.0,6486.0,4010.0,1021.0,414.0,607.0,4077.0,2274.0,1803.0,4016.0,2274.0,1742.0,61.0,0.0,61.0,6576.0,3861.0,2715.0,5715.0,3447.0,2268.0,861.0,414.0,447.0,864.0,765.0,99.0,765.0,765.0,0.0,99.0,0.0,99.0
115,Fulton & Montgomery Counties PUMA,12872.0,6589.0,6283.0,10435.0,5242.0,5193.0,2437.0,1347.0,1090.0,1078.0,320.0,758.0,1078.0,320.0,758.0,0.0,0.0,0.0,9792.0,4909.0,4883.0,7914.0,3940.0,3974.0,1878.0,969.0,909.0,2002.0,1360.0,642.0,1443.0,982.0,461.0,559.0,378.0,181.0
116,Niagara County (Southwest)--Greater Niagara Falls & North Tonawanda Area PUMA,14086.0,6966.0,7120.0,10978.0,5955.0,5023.0,3108.0,1011.0,2097.0,2060.0,1169.0,891.0,1931.0,1040.0,891.0,129.0,129.0,0.0,9917.0,4486.0,5431.0,7206.0,3771.0,3435.0,2711.0,715.0,1996.0,2109.0,1311.0,798.0,1841.0,1144.0,697.0,268.0,167.0,101.0
117,"Steuben (North & West), Schuyler & Chemung (North) Counties PUMA",9238.0,5192.0,4046.0,7878.0,4264.0,3614.0,1360.0,928.0,432.0,1097.0,488.0,609.0,1036.0,488.0,548.0,61.0,0.0,61.0,7516.0,4232.0,3284.0,6251.0,3323.0,2928.0,1265.0,909.0,356.0,625.0,472.0,153.0,591.0,453.0,138.0,34.0,19.0,15.0
118,NYC-Brooklyn Community District 4--Bushwick PUMA,36690.0,18501.0,18189.0,28146.0,14804.0,13342.0,8544.0,3697.0,4847.0,19816.0,9287.0,10529.0,16727.0,7813.0,8914.0,3089.0,1474.0,1615.0,12911.0,7577.0,5334.0,8903.0,5910.0,2993.0,4008.0,1667.0,2341.0,3963.0,1637.0,2326.0,2516.0,1081.0,1435.0,1447.0,556.0,891.0
119,"NYC-Manhattan Community District 4 & 5--Chelsea, Clinton & Midtown Business District PUMA",51839.0,29944.0,21895.0,42985.0,25599.0,17386.0,8854.0,4345.0,4509.0,40782.0,23253.0,17529.0,36564.0,21447.0,15117.0,4218.0,1806.0,2412.0,10765.0,6399.0,4366.0,6421.0,4152.0,2269.0,4344.0,2247.0,2097.0,292.0,292.0,0.0,0.0,0.0,0.0,292.0,292.0,0.0
120,"NYC-Brooklyn Community District 6--Park Slope, Carroll Gardens & Red Hook PUMA",34453.0,14279.0,20174.0,31059.0,13039.0,18020.0,3394.0,1240.0,2154.0,27578.0,10534.0,17044.0,25662.0,10226.0,15436.0,1916.0,308.0,1608.0,5542.0,3500.0,2042.0,4172.0,2676.0,1496.0,1370.0,824.0,546.0,1333.0,245.0,1088.0,1225.0,137.0,1088.0,108.0,108.0,0.0
121,NYC-Brooklyn Community District 3--Bedford-Stuyvesant PUMA,43415.0,19545.0,23870.0,32266.0,15259.0,17007.0,11149.0,4286.0,6863.0,19764.0,8844.0,10920.0,17469.0,8184.0,9285.0,2295.0,660.0,1635.0,19748.0,9013.0,10735.0,12934.0,6104.0,6830.0,6814.0,2909.0,3905.0,3903.0,1688.0,2215.0,1863.0,971.0,892.0,2040.0,717.0,1323.0
122,NYC-Queens Community District 10--Howard Beach & Ozone Park PUMA,7249.0,3628.0,3621.0,5406.0,3010.0,2396.0,1843.0,618.0,1225.0,2286.0,1205.0,1081.0,2041.0,1109.0,932.0,245.0,96.0,149.0,3704.0,2129.0,1575.0,2832.0,1607.0,1225.0,872.0,522.0,350.0,1259.0,294.0,965.0,533.0,294.0,239.0,726.0,0.0,726.0
123,Suffolk County (Northwest)--Huntington Town (North) PUMA,4410.0,1864.0,2546.0,4142.0,1806.0,2336.0,268.0,58.0,210.0,1907.0,1036.0,871.0,1850.0,1036.0,814.0,57.0,0.0,57.0,2417.0,828.0,1589.0,2206.0,770.0,1436.0,211.0,58.0,153.0,86.0,0.0,86.0,86.0,0.0,86.0,0.0,0.0,0.0
124,Orange County (Southeast) PUMA,12087.0,6786.0,5301.0,10246.0,5990.0,4256.0,1841.0,796.0,1045.0,2540.0,1390.0,1150.0,2366.0,1324.0,1042.0,174.0,66.0,108.0,6889.0,3169.0,3720.0,5856.0,2895.0,2961.0,1033.0,274.0,759.0,2658.0,2227.0,431.0,2024.0,1771.0,253.0,634.0,456.0,178.0
125,Nassau County (East Central)--Oyster Bay Town (Central) PUMA,1607.0,816.0,791.0,1607.0,816.0,791.0,0.0,0.0,0.0,719.0,335.0,384.0,719.0,335.0,384.0,0.0,0.0,0.0,736.0,481.0,255.0,736.0,481.0,255.0,0.0,0.0,0.0,152.0,0.0,152.0,152.0,0.0,152.0,0.0,0.0,0.0
126,Suffolk County (Northwest)--Smithtown Town PUMA,3384.0,1711.0,1673.0,3266.0,1711.0,1555.0,118.0,0.0,118.0,1533.0,496.0,1037.0,1533.0,496.0,1037.0,0.0,0.0,0.0,1851.0,1215.0,636.0,1733.0,1215.0,518.0,118.0,0.0,118.0,0.0,0.0,0.0,0.0,0.0,0.0,0.0,0.0,0.0
127,"NYC-Brooklyn Community District 17--East Flatbush, Farragut & Rugby PUMA",14611.0,6562.0,8049.0,12049.0,5499.0,6550.0,2562.0,1063.0,1499.0,4568.0,1117.0,3451.0,4228.0,1117.0,3111.0,340.0,0.0,340.0,8266.0,4747.0,3519.0,6420.0,3827.0,2593.0,1846.0,920.0,926.0,1777.0,698.0,1079.0,1401.0,555.0,846.0,376.0,143.0,233.0
128,"NYC-Bronx Community District 9--Castle Hill, Clason Point & Parkchester PUMA",38447.0,16747.0,21700.0,30808.0,13690.0,17118.0,7639.0,3057.0,4582.0,7549.0,2805.0,4744.0,7435.0,2805.0,4630.0,114.0,0.0,114.0,24442.0,11694.0,12748.0,19712.0,9468.0,10244.0,4730.0,2226.0,2504.0,6456.0,2248.0,4208.0,3661.0,1417.0,2244.0,2795.0,831.0,1964.0
129,NYC-Queens Community District 9--Richmond Hill & Woodhaven PUMA,13321.0,6468.0,6853.0,11941.0,6081.0,5860.0,1380.0,387.0,993.0,4626.0,1903.0,2723.0,4202.0,1903.0,2299.0,424.0,0.0,424.0,7718.0,4190.0,3528.0,7003.0,3933.0,3070.0,715.0,257.0,458.0,977.0,375.0,602.0,736.0,245.0,491.0,241.0,130.0,111.0
130,Westchester County (Southwest)--Yonkers City PUMA,28631.0,12613.0,16018.0,20951.0,9445.0,11506.0,7680.0,3168.0,4512.0,6388.0,1923.0,4465.0,4739.0,1595.0,3144.0,1649.0,328.0,1321.0,16521.0,7221.0,9300.0,11977.0,5129.0,6848.0,4544.0,2092.0,2452.0,5722.0,3469.0,2253.0,4235.0,2721.0,1514.0,1487.0,748.0,739.0
131,Broome (Outer West) & Tioga Counties PUMA,6391.0,2564.0,3827.0,4832.0,2278.0,2554.0,1559.0,286.0,1273.0,774.0,311.0,463.0,592.0,311.0,281.0,182.0,0.0,182.0,4794.0,1892.0,2902.0,3956.0,1773.0,2183.0,838.0,119.0,719.0,823.0,361.0,462.0,284.0,194.0,90.0,539.0,167.0,372.0
132,NYC-Brooklyn Community District 10--Bay Ridge & Dyker Heights PUMA,14809.0,7261.0,7548.0,13216.0,6512.0,6704.0,1593.0,749.0,844.0,8343.0,3671.0,4672.0,8058.0,3566.0,4492.0,285.0,105.0,180.0,5180.0,2724.0,2456.0,4279.0,2289.0,1990.0,901.0,435.0,466.0,1286.0,866.0,420.0,879.0,657.0,222.0,407.0,209.0,198.0
133,"NYC-Queens Community District 5--Ridgewood, Glendale & Middle Village PUMA",27543.0,15038.0,12505.0,23347.0,12844.0,10503.0,4196.0,2194.0,2002.0,9908.0,4880.0,5028.0,9699.0,4824.0,4875.0,209.0,56.0,153.0,14847.0,8037.0,6810.0,11728.0,6207.0,5521.0,3119.0,1830.0,1289.0,2788.0,2121.0,667.0,1920.0,1813.0,107.0,868.0,308.0,560.0
134,NYC-Manhattan Community District 10--Central Harlem PUMA,44619.0,20467.0,24152.0,37343.0,17899.0,19444.0,7276.0,2568.0,4708.0,22734.0,11044.0,11690.0,20445.0,10478.0,9967.0,2289.0,566.0,1723.0,17203.0,7437.0,9766.0,13652.0,6361.0,7291.0,3551.0,1076.0,2475.0,4682.0,1986.0,2696.0,3246.0,1060.0,2186.0,1436.0,926.0,510.0
135,"NYC-Queens Community District 11--Bayside, Douglaston & Little Neck PUMA",7388.0,3468.0,3920.0,6153.0,3052.0,3101.0,1235.0,416.0,819.0,3116.0,1223.0,1893.0,2540.0,1036.0,1504.0,576.0,187.0,389.0,4129.0,2140.0,1989.0,3508.0,1911.0,1597.0,621.0,229.0,392.0,143.0,105.0,38.0,105.0,105.0,0.0,38.0,0.0,38.0
136,Erie County (Northwest) PUMA,10648.0,7081.0,3567.0,9138.0,6064.0,3074.0,1510.0,1017.0,493.0,3080.0,1715.0,1365.0,2952.0,1715.0,1237.0,128.0,0.0,128.0,6970.0,4768.0,2202.0,5588.0,3751.0,1837.0,1382.0,1017.0,365.0,598.0,598.0,0.0,598.0,598.0,0.0,0.0,0.0,0.0
137,NYC-Queens Community District 2--Sunnyside & Woodside PUMA,19942.0,11005.0,8937.0,18567.0,10339.0,8228.0,1375.0,666.0,709.0,14570.0,7876.0,6694.0,13516.0,7479.0,6037.0,1054.0,397.0,657.0,4583.0,2542.0,2041.0,4262.0,2273.0,1989.0,321.0,269.0,52.0,789.0,587.0,202.0,789.0,587.0,202.0,0.0,0.0,0.0
138,Suffolk County (Southwest)--Babylon Town (Southeast) PUMA,7523.0,4081.0,3442.0,5418.0,2858.0,2560.0,2105.0,1223.0,882.0,1601.0,1125.0,476.0,1453.0,1125.0,328.0,148.0,0.0,148.0,5657.0,2956.0,2701.0,3965.0,1733.0,2232.0,1692.0,1223.0,469.0,265.0,0.0,265.0,0.0,0.0,0.0,265.0,0.0,265.0
139,"NYC-Staten Island Community District 3--Tottenville, Great Kills & Annadale PUMA",9360.0,5339.0,4021.0,8465.0,4856.0,3609.0,895.0,483.0,412.0,3302.0,1291.0,2011.0,3302.0,1291.0,2011.0,0.0,0.0,0.0,5926.0,4048.0,1878.0,5031.0,3565.0,1466.0,895.0,483.0,412.0,132.0,0.0,132.0,132.0,0.0,132.0,0.0,0.0,0.0
140,Nassau County (West Central)--Hempstead Town (West Central) PUMA,4405.0,2325.0,2080.0,3004.0,1507.0,1497.0,1401.0,818.0,583.0,1231.0,340.0,891.0,1110.0,219.0,891.0,121.0,121.0,0.0,3083.0,1894.0,1189.0,1803.0,1197.0,606.0,1280.0,697.0,583.0,91.0,91.0,0.0,91.0,91.0,0.0,0.0,0.0,0.0
141,Nassau County (Central)--Hempstead Town (Northeast) PUMA,3323.0,1399.0,1924.0,1673.0,465.0,1208.0,1650.0,934.0,716.0,1182.0,123.0,1059.0,1182.0,123.0,1059.0,0.0,0.0,0.0,2024.0,1276.0,748.0,491.0,342.0,149.0,1533.0,934.0,599.0,117.0,0.0,117.0,0.0,0.0,0.0,117.0,0.0,117.0
142,Nassau County (Southwest)--Hempstead Town (Southwest) & Long Beach City PUMA,14191.0,7499.0,6692.0,13276.0,7412.0,5864.0,915.0,87.0,828.0,7389.0,4149.0,3240.0,7117.0,4062.0,3055.0,272.0,87.0,185.0,6737.0,3285.0,3452.0,6094.0,3285.0,2809.0,643.0,0.0,643.0,65.0,65.0,0.0,65.0,65.0,0.0,0.0,0.0,0.0
143,NYC-Brooklyn Community District 11--Bensonhurst & Bath Beach PUMA,15836.0,7898.0,7938.0,12082.0,6239.0,5843.0,3754.0,1659.0,2095.0,4767.0,1789.0,2978.0,4393.0,1666.0,2727.0,374.0,123.0,251.0,10197.0,5585.0,4612.0,7183.0,4329.0,2854.0,3014.0,1256.0,1758.0,872.0,524.0,348.0,506.0,244.0,262.0,366.0,280.0,86.0
144,Nassau County (South Central)--Hempstead Town (Southeast) PUMA,2748.0,1355.0,1393.0,1889.0,1137.0,752.0,859.0,218.0,641.0,597.0,245.0,352.0,405.0,245.0,160.0,192.0,0.0,192.0,1937.0,896.0,1041.0,1270.0,678.0,592.0,667.0,218.0,449.0,214.0,214.0,0.0,214.0,214.0,0.0,0.0,0.0,0.0
145,Nassau County (West Central)--North Hempstead Town (South) PUMA,6229.0,2642.0,3587.0,4956.0,1737.0,3219.0,1273.0,905.0,368.0,2976.0,1157.0,1819.0,2885.0,1066.0,1819.0,91.0,91.0,0.0,2756.0,1485.0,1271.0,1574.0,671.0,903.0,1182.0,814.0,368.0,497.0,0.0,497.0,497.0,0.0,497.0,0.0,0.0,0.0
146,Capital Region,145891.0,69223.0,76668.0,122584.0,59821.0,62763.0,23307.0,9402.0,13905.0,37617.0,17117.0,20500.0,34634.0,15988.0,18646.0,2983.0,1129.0,1854.0,90833.0,43534.0,47299.0,75161.0,36589.0,38572.0,15672.0,6945.0,8727.0,17441.0,8572.0,8869.0,12789.0,7244.0,5545.0,4652.0,1328.0,3324.0
147,Central NY,91878.0,45395.0,46483.0,69816.0,35549.0,34267.0,22062.0,9846.0,12216.0,17042.0,7811.0,9231.0,15141.0,6934.0,8207.0,1901.0,877.0,1024.0,60906.0,30008.0,30898.0,45198.0,23543.0,21655.0,15708.0,6465.0,9243.0,13930.0,7576.0,6354.0,9477.0,5072.0,4405.0,4453.0,2504.0,1949.0
148,Finger Lakes,136863.0,64769.0,72094.0,107483.0,53214.0,54269.0,29380.0,11555.0,17825.0,34871.0,15815.0,19056.0,32370.0,14596.0,17774.0,2501.0,1219.0,1282.0,81568.0,40189.0,41379.0,63432.0,32929.0,30503.0,18136.0,7260.0,10876.0,20424.0,8765.0,11659.0,11681.0,5689.0,5992.0,8743.0,3076.0,5667.0
149,Long Island,157534.0,73117.0,84417.0,121206.0,57743.0,63463.0,36328.0,15374.0,20954.0,52277.0,22324.0,29953.0,47485.0,20928.0,26557.0,4792.0,1396.0,3396.0,95557.0,46459.0,49098.0,68516.0,34304.0,34212.0,27041.0,12155.0,14886.0,9700.0,4334.0,5366.0,5205.0,2511.0,2694.0,4495.0,1823.0,2672.0
150,Mid-Hudson,225847.0,109238.0,116609.0,174520.0,87051.0,87469.0,51327.0,22187.0,29140.0,64210.0,25470.0,38740.0,55379.0,22468.0,32911.0,8831.0,3002.0,5829.0,134577.0,68760.0,65817.0,103321.0,55371.0,47950.0,31256.0,13389.0,17867.0,27060.0,15008.0,12052.0,15820.0,9212.0,6608.0,11240.0,5796.0,5444.0
151,Mohawk Valley,54442.0,27499.0,26943.0,44248.0,22327.0,21921.0,10194.0,5172.0,5022.0,9226.0,3840.0,5386.0,8197.0,3455.0,4742.0,1029.0,385.0,644.0,38009.0,19060.0,18949.0,31726.0,16241.0,15485.0,6283.0,2819.0,3464.0,7207.0,4599.0,2608.0,4325.0,2631.0,1694.0,2882.0,1968.0,914.0
152,New York City,1514156.0,715426.0,798730.0,1238593.0,598871.0,639722.0,275563.0,116555.0,159008.0,741374.0,334086.0,407288.0,669292.0,306373.0,362919.0,72082.0,27713.0,44369.0,619300.0,307447.0,311853.0,471293.0,241608.0,229685.0,148007.0,65839.0,82168.0,153482.0,73893.0,79589.0,98008.0,50890.0,47118.0,55474.0,23003.0,32471.0
153,North Country,46096.0,22654.0,23442.0,37850.0,19482.0,18368.0,8246.0,3172.0,5074.0,9847.0,4300.0,5547.0,9304.0,4001.0,5303.0,543.0,299.0,244.0,31837.0,16705.0,15132.0,26446.0,14592.0,11854.0,5391.0,2113.0,3278.0,4412.0,1649.0,2763.0,2100.0,889.0,1211.0,2312.0,760.0,1552.0
154,Southern Tier,67899.0,33852.0,34047.0,53578.0,27281.0,26297.0,14321.0,6571.0,7750.0,15582.0,7947.0,7635.0,13635.0,7072.0,6563.0,1947.0,875.0,1072.0,46114.0,22851.0,23263.0,35789.0,17880.0,17909.0,10325.0,4971.0,5354.0,6203.0,3054.0,3149.0,4154.0,2329.0,1825.0,2049.0,725.0,1324.0
155,Western NY,172841.0,81730.0,91111.0,139209.0,68186.0,71023.0,33632.0,13544.0,20088.0,38066.0,16467.0,21599.0,34253.0,15514.0,18739.0,3813.0,953.0,2860.0,115394.0,54457.0,60937.0,92450.0,44726.0,47724.0,22944.0,9731.0,13213.0,19381.0,10806.0,8575.0,12506.0,7946.0,4560.0,6875.0,2860.0,4015.0
